5 37 101 
82 60 4 
69 92 3 
28 78 49 
14 70 76 
7 22 173 
14 77 65 
74 88 1 
40 98 17 
40 84 33 
61 65 12 
39 92 27 
5 49 109 
31 88 36 
44 105 15 
61 91 8 
39 98 24 
18 81 54 
6 67 92 
24 90 31 
5 36 112 
16 77 64 
4 32 129 
29 52 46 
15 100 47 
22 93 37 
20 81 52 
73 89 2 
10 77 81 
5 22 177 
1 10 178 
30 100 30 
7 90 56 
72 74 10 
21 90 53 
10 66 80 
16 73 66 
16 58 77 
37 89 13 
23 81 51 
3 41 107 
11 78 70 
2 22 145 
45 95 21 
8 33 117 
62 80 9 
4 30 124 
2 37 127 
16 74 50 
45 105 11 
12 69 68 
8 45 94 
47 77 26 
12 65 75 
7 71 74 
35 84 22 
4 36 114 
2 55 105 
42 84 16 
34 90 23 
18 45 78 
2 32 125 
31 88 34 
6 64 73 
4 44 110 
9 67 88 
33 78 32 
3 36 122 
11 28 120 
98 77 0 
39 94 14 
1 47 116 
28 102 35 
11 55 90 
1 29 142 
22 72 55 
0 52 108 
30 105 29 
2 70 71 
4 21 147 
43 91 18 
1 27 136 
34 79 43 
1 26 133 
4 16 143 
20 48 83 
18 70 67 
0 40 134 
1 3 180 
0 16 154 
2 46 126 
4 44 132 
37 98 19 
3 49 93 
2 18 151 
15 56 48 
0 16 161 
1 53 121 
23 70 59 
0 10 168 
38 83 20 
26 78 39 
71 82 5 
6 52 97 
5 10 170 
61 87 6 
0 11 169 
1 23 155 
9 49 119 
36 78 40 
20 67 104 
2 21 157 
1 25 146 
10 75 69 
2 41 152 
4 39 140 
7 52 85 
5 51 115 
3 52 96 
5 22 138 
0 20 163 
66 81 7 
11 60 89 
5 8 160 
1 19 150 
18 87 42 
18 75 58 
15 72 57 
17 68 62 
1 4 181 
4 27 130 
3 59 102 
14 38 91 
29 82 28 
5 22 141 
1 11 166 
2 36 123 
24 97 44 
12 79 63 
8 69 87 
2 10 172 
0 24 149 
19 59 82 
26 84 41 
4 38 118 
15 76 60 
9 51 98 
5 60 84 
4 34 128 
4 46 113 
21 69 61 
15 52 79 
3 9 175 
20 0 179 
3 12 156 
5 45 106 
5 12 165 
6 46 99 
15 57 72 
4 32 148 
6 45 95 
1 23 144 
26 96 38 
10 7 176 
2 22 153 
4 18 162 
37 81 25 
3 37 131 
6 51 86 
4 12 174 
5 49 111 
4 20 159 
9 39 100 
2 26 167 
0 5 182 
0 12 171 
6 63 103 
4 38 139 
25 79 45 
3 26 137 
3 27 158 
2 21 135 
13 13 164 
