0.000719 0.000179 0.004004 0.004797 0.022778 0.060925 0.034706 0.050687 0.040767 0.090467
0.001444 0.001064 0.002122 0.054958 0.070532 0.025960 0.036689 0.036798 0.064706 0.090749
0.000677 0.000261 0.002691 0.005678 0.011336 0.057991 0.073235 0.074943 0.055077 0.090784
0.122276 0.062772 0.000000 0.000000 0.081998 0.000000 0.000000 0.090831 0.085438 0.040663
0.019186 0.022602 0.000740 0.040040 0.072196 0.036001 0.079135 0.090934 0.029095 0.020819
0.015202 0.017442 0.000000 0.018703 0.091026 0.061958 0.056002 0.075963 0.047884 0.076358
0.008595 0.004011 0.027624 0.059164 0.000000 0.087249 0.006245 0.043044 0.067946 0.091205
0.003904 0.001962 0.006552 0.052562 0.090434 0.010857 0.040646 0.058299 0.080016 0.091205
0.149443 0.029931 0.032035 0.011866 0.085987 0.000000 0.000000 0.022165 0.091218 0.076004
0.065085 0.044804 0.014132 0.045984 0.069050 0.000000 0.058844 0.064779 0.091255 0.043526
0.002332 0.002686 0.005139 0.012762 0.022759 0.040153 0.084133 0.091488 0.073050 0.053677
0.008460 0.015279 0.001724 0.040707 0.071568 0.048237 0.043700 0.074053 0.091558 0.067529
0.000313 0.000490 0.001852 0.008168 0.004350 0.023680 0.055263 0.056025 0.091786 0.075064
0.000000 0.000000 0.027460 0.031325 0.012579 0.062111 0.059891 0.021123 0.062104 0.091861
0.031090 0.030757 0.000000 0.085800 0.068570 0.064396 0.012517 0.063830 0.040274 0.091892
0.013540 0.007502 0.040362 0.058772 0.019209 0.031234 0.054153 0.022367 0.091966 0.061962
0.006918 0.008482 0.000000 0.028189 0.054470 0.053402 0.061881 0.082394 0.092030 0.084622